SpectrumID=bg30hrs
Time=10/19/2023 11:22:09 AM
DeadTime(%)=0.03
LiveTime=86681
RealTime=86703
Channels=0 1023
0
0
0
0
0
0
0
0
0
0
0
0
0
0
0
0
0
0
0
0
0
0
0
0
0
0
0
0
0
0
0
0
0
0
0
0
0
0
0
0
0
0
0
0
0
0
0
0
0
0
0
0
1
0
0
1
3
9
68
404
1358
2378
3188
4048
4939
5411
5820
6425
6843
7063
7067
6843
6715
6528
6355
6253
6178
5965
5826
5808
5656
5390
5149
5007
4779
4803
4600
4610
4316
4355
4186
4166
4200
4118
3984
4009
3940
3882
3817
3782
3840
3769
3861
3890
3906
4044
4189
4237
4171
4166
4060
3885
3694
3518
3277
3294
3072
3085
2999
3046
3125
3122
3276
3098
3171
3139
2904
3004
2971
2921
2787
2765
2686
2593
2621
2530
2491
2368
2514
2460
2482
2453
2411
2322
2501
2348
2290
2409
2278
2292
2310
2273
2294
2239
2200
2172
2208
2232
2253
2135
2104
2131
2159
2115
2029
2031
2101
2044
1994
1959
2013
1979
2048
1917
1975
1947
1968
1913
2026
1947
1868
1864
2018
1993
1929
1916
1990
1941
1961
1856
1912
1858
1856
1799
1820
1740
1669
1741
1676
1660
1562
1662
1596
1546
1465
1496
1536
1579
1562
1485
1459
1442
1509
1501
1479
1482
1489
1557
1449
1410
1551
1494
1430
1505
1493
1371
1447
1452
1377
1335
1371
1342
1288
1256
1206
1175
1174
1245
1208
1168
1168
1110
1109
1054
1079
979
1039
1007
963
909
886
935
920
827
900
848
905
789
801
816
831
772
788
798
785
860
770
829
752
882
866
874
924
999
995
1053
1153
1201
1299
1373
1472
1485
1648
1665
1695
1686
1694
1683
1477
1538
1355
1196
1074
1023
888
827
751
681
626
602
545
532
500
474
464
481
462
486
479
463
476
433
383
421
416
411
366
379
319
350
358
373
385
365
342
323
299
378
310
335
329
361
346
343
367
379
386
402
354
381
408
411
347
385
364
363
380
387
317
327
316
330
313
323
268
276
261
265
277
254
257
247
248
234
279
220
213
247
202
200
251
210
229
214
200
185
177
205
230
209
234
177
213
197
222
193
212
200
215
193
183
221
177
206
188
207
220
219
216
239
239
258
223
246
231
236
296
268
252
300
276
264
286
255
256
240
248
238
217
249
250
226
202
229
214
215
220
207
192
203
194
206
202
200
187
187
191
189
192
182
197
163
156
157
126
155
143
138
139
136
144
149
123
145
109
113
111
118
113
120
135
94
104
102
93
99
97
85
72
68
85
85
69
82
80
87
76
80
73
66
74
75
101
93
88
100
117
139
146
152
153
158
201
196
211
235
214
224
248
251
247
265
223
227
254
244
200
205
185
183
180
150
132
119
110
88
78
84
73
62
59
48
42
35
42
30
34
25
20
18
22
22
27
16
18
16
21
12
23
18
11
21
21
14
17
25
14
19
17
13
20
16
16
18
18
19
20
16
10
13
24
20
19
21
16
18
13
8
22
14
20
8
18
17
16
9
11
16
14
13
15
11
15
20
12
13
10
10
9
16
17
14
7
12
10
11
7
7
11
17
15
10
14
17
20
20
17
10
16
11
18
9
10
9
11
18
10
14
15
16
21
15
24
11
16
12
14
21
13
14
18
17
8
11
14
10
9
14
14
7
14
12
8
11
15
16
19
17
10
12
13
14
11
13
9
14
12
13
4
8
13
8
21
10
18
12
14
8
14
9
10
6
14
12
18
12
13
7
14
10
16
13
13
11
15
10
8
16
15
17
13
11
11
11
7
10
11
5
16
15
19
6
17
19
13
9
17
14
14
10
15
9
12
10
12
11
17
16
14
13
15
12
16
15
10
10
15
13
14
8
12
12
13
23
27
28
33
34
59
70
133
419
3493
12887
14044
4208
421
75
29
16
17
14
10
10
2
7
7
4
3
1
0
2
4
1
0
0
0
0
0
1
2
1
1
0
0
0
0
0
0
0
0
0
0
0
0
0
0
0
0
0
0
0
0
0
0
0
0
0
0
1
0
0
0
0
0
0
0
0
0
0
0
0
0
0
0
0
0
0
0
0
0
0
0
0
0
0
0
0
0
0
0
0
0
0
0
0
0
0
0
0
0
0
0
0
0
0
0
0
0
0
0
0
0
0
0
0
0
0
0
0
0
0
0
0
0
0
0
0
0
0
0
0
0
0
0
0
0
0
0
0
0
0
0
0
0
0
0
0
1
0
0
0
0
1
0
0
1
0
0
0
0
0
0
0
0
0
0
0
0
0
0
0
0
0
0
0
0
0
0
0
0
0
0
0
0
0
0
0
0
0
0
0
0
0
0
0
0
0
0
0
0
0
0
0
0
0
0
0
0
0
0
0
0
0
0
0
0
0
0
0
0
0
0
0
0
0
0
0
0
0
0
0
0
0
0
0
0
0
0
0
0
0
0
0
0
0
0
0
0
0
0
0
0
0
0
0
0
0
0
0
0
0
0
0
0
0
0
0
0
0
0
0
0
0
0
0
0
0
0
0
0
0
0
0
