0
0
0
0
0
0
0
0
0
0
0
0
0
0
0
0
0
0
0
0
0
0
0
0
0
0
0
0
0
0
0
0
0
0
0
0
0
0
0
0
0
0
5
21
40
31
67
81
107
158
189
239
285
353
410
472
561
616
750
1108
1784
2579
3168
4069
4793
5244
5708
6087
6467
6558
6606
6487
6378
6178
6039
5959
5792
5733
5644
5437
5369
5430
5227
5170
5030
4974
4906
4908
4895
4868
4870
4850
4650
4715
4436
4589
4310
4105
3844
3632
3480
3312
3058
3012
2735
2738
2603
2606
2385
2419
2395
2385
2298
2271
2200
2168
2221
2228
2217
2267
2307
2363
2468
2433
2665
2767
3091
3648
4206
5077
6365
7642
9421
10999
13005
14303
15034
15577
14768
13615
11784
9857
8074
6135
4751
3508
2795
2277
1922
1758
1689
1549
1507
1525
1584
1528
1543
1553
1535
1631
1560
1526
1516
1498
1552
1552
1583
1548
1660
1599
1678
1692
1662
1670
1776
1622
1688
1690
1671
1694
1621
1617
1692
1539
1579
1565
1556
1407
1384
1397
1412
1316
1243
1271
1199
1181
1138
1179
1200
1171
1157
1123
1113
1075
1129
1172
1066
1097
1015
1067
1067
1058
989
944
1025
1021
940
1022
995
1114
1081
1171
1309
1427
1692
1927
2150
2398
2713
2846
3138
3191
3140
3212
3161
2825
2607
2351
2055
1850
1491
1302
1026
863
824
631
617
582
592
672
775
907
978
1165
1313
1500
1718
1955
2147
2278
2397
2500
2605
2375
2364
2226
1992
1922
1656
1378
1126
931
766
588
471
394
325
224
214
177
151
134
111
109
97
83
82
68
86
82
80
88
105
85
75
77
65
68
78
56
78
77
71
75
54
72
62
68
78
66
63
67
51
51
52
66
64
61
72
56
59
63
54
50
53
33
46
54
45
46
55
50
49
50
41
44
51
49
42
36
39
39
36
36
36
39
54
53
42
47
34
40
40
42
43
31
36
41
38
40
36
45
35
30
37
42
35
30
29
24
31
24
23
24
23
29
27
26
44
30
27
20
22
34
29
29
26
26
28
21
26
24
22
31
20
14
25
20
21
19
18
16
24
21
7
15
10
13
12
16
13
7
16
12
18
17
17
9
19
12
8
11
9
17
9
12
8
8
13
16
13
17
14
11
9
8
16
13
10
14
6
12
9
15
9
10
9
10
9
9
2
11
2
9
10
10
7
5
3
6
8
5
10
5
4
5
6
3
5
3
6
6
5
4
5
8
7
16
4
8
11
8
13
11
9
9
7
13
8
17
13
12
7
14
9
13
4
9
4
3
9
6
4
5
4
1
1
2
1
3
3
1
1
4
1
1
3
1
1
3
0
1
1
2
2
2
1
2
1
0
3
0
1
2
1
1
0
0
0
1
1
0
0
1
0
2
0
0
0
0
1
1
0
1
1
0
0
0
0
0
0
0
0
0
0
0
2
0
0
1
3
0
0
0
0
0
0
0
0
0
0
0
0
0
0
0
0
1
0
0
0
1
0
0
0
1
2
1
0
0
0
0
0
0
0
1
0
1
0
0
0
0
0
0
0
0
0
0
0
0
0
0
0
0
0
0
0
0
0
0
0
0
0
0
0
0
0
0
0
0
3
0
0
1
0
0
0
0
0
0
0
0
0
0
0
0
0
0
0
0
0
0
0
0
0
0
0
0
0
0
0
0
0
0
0
0
0
0
1
0
0
0
0
0
0
0
0
0
0
1
0
0
0
0
0
0
0
0
0
0
0
0
0
0
0
0
0
0
0
0
0
0
0
0
1
0
1
0
0
0
0
0
0
0
0
2
1
0
0
0
0
0
0
0
1
0
0
0
0
0
1
0
1
0
0
0
0
1
2
0
0
0
0
1
0
0
1
0
1
1
2
1
2
0
0
1
0
1
1
0
0
1
1
1
1
0
1
0
0
0
1
0
1
0
1
0
0
1
0
0
0
0
0
0
0
0
0
0
0
1
0
0
0
0
0
0
0
0
0
0
2
0
0
0
0
0
1
0
1
0
0
0
0
0
0
0
0
0
0
0
0
0
0
0
0
0
0
0
0
0
0
0
0
0
0
0
0
0
0
0
0
0
0
0
0
0
0
0
0
0
0
0
0
0
0
0
0
0
0
0
0
0
0
0
0
0
0
0
0
0
0
0
0
0
0
0
0
0
0
0
0
0
0
0
0
0
0
0
0
0
0
0
0
0
0
0
0
0
0
0
0
0
0
0
0
0
0
0
0
0
0
0
0
0
0
0
0
0
0
0
0
0
0
0
0
0
0
0
0
0
0
0
0
0
0
0
0
0
0
0
0
0
0
0
0
0
0
0
0
0
0
0
0
0
0
0
0
0
0
0
0
0
0
0
0
0
0
0
0
0
0
0
0
0
0
0
0
0
0
0
0
0
0
0
0
0
0
0
0
0
0
0
0
0
0
0
0
0
0
0
0
0
0
0
0
0
0
0
0
0
0
0
0
0
